image_width: 1280
image_height: 720
camera_name: left/image_raw
camera_matrix:
  rows: 3
  cols: 3
  data: [728.6086714366504, 0, 630.0870851226466, 0, 728.513097248069, 367.2793747780146, 0, 0, 1]
distortion_model: plumb_bob
distortion_coefficients:
  rows: 1
  cols: 5
  data: [-0.2367149061211614, 0.06377100285061868, -0.00147512034989953, 0.002021423214541416, 0]
rectification_matrix:
  rows: 3
  cols: 3
  data: [0.9993048383294045, 0.008756344308280636, -0.03623763962784535, -0.009124974225617801, 0.999908165890701, -0.0100197120954769, 0.03614657572750918, 0.01034341430327904, 0.9992929694757821]
projection_matrix:
  rows: 3
  cols: 4
  data: [710.9666121728278, 0, 679.1028289794922, 0, 0, 710.9666121728278, 362.6295776367188, 0, 0, 0, 1, 0]
