image_width: 1280
image_height: 720
camera_name: camera/right
camera_matrix:
  rows: 3
  cols: 3
  data: [738.2450819711638, 0, 662.5715045196032, 0, 736.2441817346121, 365.1668735305732, 0, 0, 1]
distortion_model: plumb_bob
distortion_coefficients:
  rows: 1
  cols: 5
  data: [-0.2472242807098818, 0.06849692586181297, -0.002137286121882407, 0.002261562532893792, 0]
rectification_matrix:
  rows: 3
  cols: 3
  data: [0.9999330356653333, 0.01054031806692804, -0.004777643787400841, -0.01049111836459943, 0.9998928550688744, 0.01020856589707508, 0.004884733418648656, -0.01015775946077437, 0.9999364776335374]
projection_matrix:
  rows: 3
  cols: 4
  data: [710.9666121728278, 0, 679.1028289794922, -84.11696949118749, 0, 710.9666121728278, 362.6295776367188, 0, 0, 0, 1, 0]